rot:
  max: 0.010241898050324171
  mean: 0.0013414799851411833
  median: 0.0008033595852377834
  min: 1.7822179543238594e-06
  num_samples: 11754
  rmse: 0.0018825903312394033
  std: 0.0013208246684332091
scale:
  max: 0.06610566205869306
  mean: 0.00023878404947640154
  median: 7.432840901255844e-05
  min: -0.030683607566590276
  num_samples: 11754
  rmse: 0.003074568129911572
  std: 0.003065281612378151
trans:
  max: 0.001496571957846111
  mean: 0.0006256146525213655
  median: 0.0006108923673679834
  min: 4.131249648150006e-06
  num_samples: 11754
  rmse: 0.0006668406710943708
  std: 0.0002308306460939746
