rot:
  max: 1.3706260982164272e-15
  mean: 1.4414199873855952e-16
  median: 6.168315869275235e-17
  min: 0.0
  num_samples: 6424
  rmse: 2.247781199536439e-16
  std: 1.7247691848345318e-16
scale:
  max: 2.220446049250313e-16
  mean: 2.6597653096172416e-17
  median: 0.0
  min: -2.220446049250313e-16
  num_samples: 6424
  rmse: 8.429160429417991e-17
  std: 7.998524491593609e-17
trans:
  max: 1.2412670766236366e-16
  mean: 3.370792688982593e-17
  median: 1.3877787807814457e-17
  min: 0.0
  num_samples: 6424
  rmse: 5.448483176058555e-17
  std: 4.280622100547374e-17
