rot:
  max: 0.029935438041331246
  mean: 0.0009400678699597671
  median: 0.0006204998331009698
  min: 1.0191541105758444e-06
  num_samples: 25820
  rmse: 0.0013725221587208131
  std: 0.0010000447370237728
scale:
  max: 0.09895831712331304
  mean: 0.00038287826026340085
  median: -1.6351005590220513e-05
  min: -0.14532314212574782
  num_samples: 25820
  rmse: 0.00625645215688634
  std: 0.006244725600795073
trans:
  max: 0.006318754354181852
  mean: 0.0006552539457871085
  median: 0.0005186335240221259
  min: 1.1469648251921453e-05
  num_samples: 25820
  rmse: 0.0007302799808805321
  std: 0.00032241451115806724
