rot:
  max: 0.019751764602879977
  mean: 0.0019338995365885331
  median: 0.0014815737647429902
  min: 7.40371847990009e-06
  num_samples: 13823
  rmse: 0.0025979627527898674
  std: 0.0017347746387546025
scale:
  max: 0.003873752032165445
  mean: 1.6018231096918682e-05
  median: 1.8794301072544428e-05
  min: -0.004991760268588941
  num_samples: 13823
  rmse: 0.0006714652991414221
  std: 0.0006712742094134148
trans:
  max: 0.03268659522678739
  mean: 0.0013208231655154126
  median: 0.001359967606455165
  min: 2.4517644635901844e-05
  num_samples: 13823
  rmse: 0.0015921552164224098
  std: 0.0008890356565509254
