rot:
  max: 0.017338259732099827
  mean: 0.00451862447909026
  median: 0.003814056127715022
  min: 0.0012037791421682655
  num_samples: 893
  rmse: 0.0050342152883880035
  std: 0.002219314395664973
scale:
  max: 3.6836217697522686
  mean: 0.07438106406401447
  median: -0.00024158866812995505
  min: -0.4569461054988798
  num_samples: 893
  rmse: 0.36146616558403194
  std: 0.35373047108035205
trans:
  max: 0.016272798031464378
  mean: 0.004743924292279501
  median: 0.0038586363090646726
  min: 0.0003227955948407727
  num_samples: 893
  rmse: 0.005576545775502148
  std: 0.0029313896184900577
