rot:
  max: 1.4440424826402394e-15
  mean: 1.4190751393195114e-16
  median: 6.808368259182668e-17
  min: 0.0
  num_samples: 6419
  rmse: 2.156149727422817e-16
  std: 1.623332189057679e-16
scale:
  max: 0.0
  mean: 0.0
  median: 0.0
  min: 0.0
  num_samples: 6419
  rmse: 0.0
  std: 0.0
trans:
  max: 0.0
  mean: 0.0
  median: 0.0
  min: 0.0
  num_samples: 6419
  rmse: 0.0
  std: 0.0
