rot:
  max: 0.014209218812606134
  mean: 0.004379328608019505
  median: 0.0035134416405960514
  min: 0.0010782662841837653
  num_samples: 891
  rmse: 0.0049110087765526205
  std: 0.0022224959271861036
scale:
  max: 3.6804893328395414
  mean: 0.07992701469002178
  median: -0.00017393406436105874
  min: -0.4936211720825904
  num_samples: 891
  rmse: 0.3625951025137321
  std: 0.35367623710066376
trans:
  max: 0.014076615156326786
  mean: 0.004656452991500812
  median: 0.004022571218380196
  min: 0.0002210546699262795
  num_samples: 891
  rmse: 0.005447185523786767
  std: 0.0028265306770837006
