rot:
  max: 3.102931090542407
  mean: 1.581562227879396
  median: 1.0860615536069813
  min: 0.03421022317378038
  num_samples: 147
  rmse: 1.7898782324810079
  std: 0.838048331812968
scale:
  max: 0.4234069041030606
  mean: -0.5906361381735611
  median: -0.7420714891155239
  min: -0.9673079335304327
  num_samples: 147
  rmse: 0.68670433262368
  std: 0.3503024303763189
trans:
  max: 1.6345217965504493
  mean: 1.0361054218492949
  median: 1.071867532012697
  min: 0.23258557274159689
  num_samples: 147
  rmse: 1.0966385688506464
  std: 0.3593072577965669
