rot:
  max: 3.138534426177697
  mean: 1.358859983048598
  median: 1.4053378282995614
  min: 0.0029086991826133605
  num_samples: 634
  rmse: 1.6554145270690215
  std: 0.9454611588533485
scale:
  max: 29.656096148531827
  mean: 5.308795002490502
  median: 0.2200072366443394
  min: -0.37035612697599873
  num_samples: 634
  rmse: 10.006855841023649
  std: 8.482562080206721
trans:
  max: 1.948221192003815
  mean: 0.7277831243262045
  median: 0.8345185833490654
  min: 0.0025389956544814183
  num_samples: 634
  rmse: 0.9075329211601151
  std: 0.5421694633003594
