rot:
  max: 3.0875585542289676
  mean: 1.5576554440168795
  median: 1.046011183886192
  min: 0.03973795927999245
  num_samples: 144
  rmse: 1.7803487902981068
  std: 0.8621782488792619
scale:
  max: 0.3197015325708521
  mean: -0.7052851410689871
  median: -0.8270943101921637
  min: -0.9264465259624896
  num_samples: 144
  rmse: 0.7784031192691593
  std: 0.32936952784867
trans:
  max: 1.556533761762187
  mean: 1.0974777158090951
  median: 1.1646757955369575
  min: 0.21033071676865892
  num_samples: 144
  rmse: 1.1415740718405851
  std: 0.31421970784969006
