rot:
  max: 3.1390240997120222
  mean: 3.033492819836003
  median: 3.0089355637554807
  min: 2.9759540102851245
  num_samples: 137
  rmse: 3.033906501245789
  std: 0.050099603839511675
scale:
  max: 0.5060294954324134
  mean: -0.831722282480507
  median: -0.9460612670913714
  min: -0.9644519663902184
  num_samples: 137
  rmse: 0.8966084330722538
  std: 0.3348801682418625
trans:
  max: 1.4598893484208653
  mean: 1.1217346941290842
  median: 1.2041643369209805
  min: 0.14169135142910194
  num_samples: 137
  rmse: 1.1578975181836109
  std: 0.2871200769763324
