rot:
  max: 3.036757063564581
  mean: 1.5742389200584161
  median: 1.3240624620001895
  min: 0.06645785959347915
  num_samples: 137
  rmse: 1.8327290385182557
  std: 0.9384388904991964
scale:
  max: 0.5089399255733134
  mean: -0.8327834030781858
  median: -0.9475367475698464
  min: -0.9726237117264798
  num_samples: 137
  rmse: 0.8978563491953576
  std: 0.33558579729769833
trans:
  max: 1.4547354068149012
  mean: 1.1348610429851003
  median: 1.2079312719029747
  min: 0.1460345801143432
  num_samples: 137
  rmse: 1.1660810886080004
  std: 0.26802148854894
