rot:
  max: 0.014128412144169038
  mean: 0.004077382105595037
  median: 0.003306682080227999
  min: 0.0007945614951042339
  num_samples: 885
  rmse: 0.004508119832377088
  std: 0.0019230443541543712
scale:
  max: 0.008119091768076236
  mean: -0.0008484458483123107
  median: -0.0007259888982976692
  min: -0.008140844587278706
  num_samples: 885
  rmse: 0.0026333588550049563
  std: 0.0024929337138629697
trans:
  max: 0.017416057212681593
  mean: 0.0050533723206788225
  median: 0.004169931907838328
  min: 4.466385716277211e-05
  num_samples: 885
  rmse: 0.006079710004971659
  std: 0.003380281339348787
