rot:
  max: 3.1279111357072598
  mean: 2.8829248298172185
  median: 2.8010419733128806
  min: 2.7401066032444676
  num_samples: 144
  rmse: 2.8853889187822723
  std: 0.11922096399078447
scale:
  max: 0.31946086893602454
  mean: -0.7052338795351218
  median: -0.826453746424795
  min: -0.9249713020837739
  num_samples: 144
  rmse: 0.7784292406586286
  std: 0.329540980559642
trans:
  max: 1.5561603421733918
  mean: 1.0937164117897542
  median: 1.1656518282450499
  min: 0.2207022479494271
  num_samples: 144
  rmse: 1.139638166548544
  std: 0.32024921738526024
