rot:
  max: 0.005061317909514825
  mean: 0.001147050250144562
  median: 0.0005783345240107895
  min: 1.8424301929582837e-06
  num_samples: 14876
  rmse: 0.0016052193422811075
  std: 0.0011229447272580648
scale:
  max: 0.0008276511686486909
  mean: -3.4138462841824673e-08
  median: 4.787175154763457e-05
  min: -0.0011805732297573979
  num_samples: 14876
  rmse: 0.0003357114087235489
  std: 0.0003357114069877803
trans:
  max: 0.0013925166083767267
  mean: 0.0007121939553044175
  median: 0.0007571387167886649
  min: 2.8360759627322903e-05
  num_samples: 14876
  rmse: 0.0007331308708175114
  std: 0.00017395586731551164
