rot:
  max: 0.9842362955602202
  mean: 0.45449625123917203
  median: 0.47520085300615944
  min: 0.051064712544742874
  num_samples: 1912
  rmse: 0.4763843361397099
  std: 0.14274170143588558
scale:
  max: 0.7896984514426795
  mean: 0.07836870613226861
  median: 0.10671568787974428
  min: -0.6071601155780569
  num_samples: 1912
  rmse: 0.22047266743151778
  std: 0.20607412012070503
trans:
  max: 1.9347802781992032
  mean: 0.33122596812781846
  median: 0.25304767281994156
  min: 0.011256512377574536
  num_samples: 1912
  rmse: 0.49829872914836354
  std: 0.37227809700365605
