rot:
  max: 0.01486461162854448
  mean: 0.0049516325311788284
  median: 0.003922432629399876
  min: 0.0014669172813932727
  num_samples: 913
  rmse: 0.005635987638981106
  std: 0.002691782298574567
scale:
  max: 3.010757288733071
  mean: 0.06881934351343101
  median: -0.00018100949912214226
  min: -0.44260468895786975
  num_samples: 913
  rmse: 0.3440779935144891
  std: 0.33712544190454863
trans:
  max: 0.018878700379168327
  mean: 0.005656222284479793
  median: 0.0045783883985357566
  min: 0.0001539191395645684
  num_samples: 913
  rmse: 0.006788080896962226
  std: 0.0037530243447462057
